  2.000000000000000E-005  2.000000000000000E-005   9.57657799877699     
  0.296457500000000       2.000000000000000E-005   9.39832435321591     
  0.592895000000000       2.000000000000000E-005   8.49948806428581     
  0.889332500000000       2.000000000000000E-005   7.23498193443019     
   1.18577000000000       2.000000000000000E-005   6.09753254603487     
   1.48220750000000       2.000000000000000E-005   5.18765803584715     
   1.77864500000000       2.000000000000000E-005   4.46606355382418     
   2.07508250000000       2.000000000000000E-005   3.88145321418336     
   2.37152000000000       2.000000000000000E-005   3.40048702458892     
   2.66795750000000       2.000000000000000E-005   3.02267323357717     
   2.96439500000000       2.000000000000000E-005   2.72042127996963     
   3.26083250000000       2.000000000000000E-005   2.47312244647563     
   3.55727000000000       2.000000000000000E-005   2.26703840260838     
   3.85370750000000       2.000000000000000E-005   2.09265821779529     
   4.15014500000000       2.000000000000000E-005   1.94318840992410     
   4.44658250000000       2.000000000000000E-005   1.81364707902555     
   4.74302000000000       2.000000000000000E-005   1.70029777538483     
   5.03945750000000       2.000000000000000E-005   1.60028319017208     
   5.33589500000000       2.000000000000000E-005   1.51138095249097     
   5.63233250000000       2.000000000000000E-005   1.43183654374218     
   5.92877000000000       2.000000000000000E-005   1.36024633742518     
   6.22520750000000       2.000000000000000E-005   1.29547405568893     
   6.52164500000000       2.000000000000000E-005   1.23659001002819     
   6.81808250000000       2.000000000000000E-005   1.18282619187632     
   7.11452000000000       2.000000000000000E-005   1.13354259027369     
  2.000000000000000E-005  0.296457500000000        9.39832435258301     
  0.296457500000000       0.296457500000000        9.08850278704888     
  0.592895000000000       0.296457500000000        8.18224202311615     
  0.889332500000000       0.296457500000000        7.02393946182283     
   1.18577000000000       0.296457500000000        5.96896523644666     
   1.48220750000000       0.296457500000000        5.10693768637612     
   1.77864500000000       0.296457500000000        4.41290295513167     
   2.07508250000000       0.296457500000000        3.84345136250003     
   2.37152000000000       0.296457500000000        3.37413056515092     
   2.66795750000000       0.296457500000000        3.00414195954910     
   2.96439500000000       0.296457500000000        2.70689882448150     
   3.26083250000000       0.296457500000000        2.46295443819139     
   3.55727000000000       0.296457500000000        2.25920105109626     
   3.85370750000000       0.296457500000000        2.08649039458698     
   4.15014500000000       0.296457500000000        1.93824774339211     
   4.44658250000000       0.296457500000000        1.80962852285685     
   4.74302000000000       0.296457500000000        1.69698546626073     
   5.03945750000000       0.296457500000000        1.59752090241782     
   5.33589500000000       0.296457500000000        1.50905337067085     
   5.63233250000000       0.296457500000000        1.42985705251629     
   5.92877000000000       0.296457500000000        1.35854886006621     
   6.22520750000000       0.296457500000000        1.29400747683369     
   6.52164500000000       0.296457500000000        1.23531428823697     
   6.81808250000000       0.296457500000000        1.18170960131793     
   7.11452000000000       0.296457500000000        1.13255973176136     
  2.000000000000000E-005  0.592895000000000        8.49948806453886     
  0.296457500000000       0.592895000000000        8.18224202278794     
  0.592895000000000       0.592895000000000        7.41291943246752     
  0.889332500000000       0.592895000000000        6.49521235880063     
   1.18577000000000       0.592895000000000        5.62905842780871     
   1.48220750000000       0.592895000000000        4.88496674839771     
   1.77864500000000       0.592895000000000        4.26153271987649     
   2.07508250000000       0.592895000000000        3.73563205429601     
   2.37152000000000       0.592895000000000        3.29864451243859     
   2.66795750000000       0.592895000000000        2.95054969006881     
   2.96439500000000       0.592895000000000        2.66752024429573     
   3.26083250000000       0.592895000000000        2.43319228950743     
   3.55727000000000       0.592895000000000        2.23617126271084     
   3.85370750000000       0.592895000000000        2.06831136394216     
   4.15014500000000       0.592895000000000        1.92365048006823     
   4.44658250000000       0.592895000000000        1.79773250409411     
   4.74302000000000       0.592895000000000        1.68716447443921     
   5.03945750000000       0.592895000000000        1.58931987554539     
   5.33589500000000       0.592895000000000        1.50213527717679     
   5.63233250000000       0.592895000000000        1.42396802699039     
   5.92877000000000       0.592895000000000        1.35349477230409     
   6.22520750000000       0.592895000000000        1.28963784656159     
   6.52164500000000       0.592895000000000        1.23151102968357     
   6.81808250000000       0.592895000000000        1.17837901028856     
   7.11452000000000       0.592895000000000        1.12962669099602     
  2.000000000000000E-005  0.889332500000000        7.23498193615971     
  0.296457500000000       0.889332500000000        7.02393946180698     
  0.592895000000000       0.889332500000000        6.49521235804227     
  0.889332500000000       0.889332500000000        5.83491388163021     
   1.18577000000000       0.889332500000000        5.17415488972244     
   1.48220750000000       0.889332500000000        4.57080349585086     
   1.77864500000000       0.889332500000000        4.03772383018324     
   2.07508250000000       0.889332500000000        3.57093113110550     
   2.37152000000000       0.889332500000000        3.18346899169249     
   2.66795750000000       0.889332500000000        2.86731102906945     
   2.96439500000000       0.889332500000000        2.60556175063538     
   3.26083250000000       0.889332500000000        2.38590831025075     
   3.55727000000000       0.889332500000000        2.19930975034747     
   3.85370750000000       0.889332500000000        2.03904351046851     
   4.15014500000000       0.889332500000000        1.90003927862063     
   4.44658250000000       0.889332500000000        1.77841761319655     
   4.74302000000000       0.889332500000000        1.67116897819135     
   5.03945750000000       0.889332500000000        1.57592818767726     
   5.33589500000000       0.889332500000000        1.49081390162274     
   5.63233250000000       0.889332500000000        1.41431288094354     
   5.92877000000000       0.889332500000000        1.34519540135491     
   6.22520750000000       0.889332500000000        1.28245263484343     
   6.52164500000000       0.889332500000000        1.22524971922640     
   6.81808250000000       0.889332500000000        1.17289017358228     
   7.11452000000000       0.889332500000000        1.12478861959754     
  2.000000000000000E-005   1.18577000000000        6.09753254896562     
  0.296457500000000        1.18577000000000        5.96896523699371     
  0.592895000000000        1.18577000000000        5.62905842661063     
  0.889332500000000        1.18577000000000        5.17415488856863     
   1.18577000000000        1.18577000000000        4.68616505782371     
   1.48220750000000        1.18577000000000        4.21137360005725     
   1.77864500000000        1.18577000000000        3.76892803273119     
   2.07508250000000        1.18577000000000        3.37305017831226     
   2.37152000000000        1.18577000000000        3.04089772273188     
   2.66795750000000        1.18577000000000        2.76184210419013     
   2.96439500000000        1.18577000000000        2.52567672824843     
   3.26083250000000        1.18577000000000        2.32412672526651     
   3.55727000000000        1.18577000000000        2.15064386951737     
   3.85370750000000        1.18577000000000        2.00008360036966     
   4.15014500000000        1.18577000000000        1.86839999604116     
   4.44658250000000        1.18577000000000        1.75239476098149     
   4.74302000000000        1.18577000000000        1.64952150949855     
   5.03945750000000        1.18577000000000        1.55773653378192     
   5.33589500000000        1.18577000000000        1.47538589268073     
   5.63233250000000        1.18577000000000        1.40112000647937     
   5.92877000000000        1.18577000000000        1.33382881843144     
   6.22520750000000        1.18577000000000        1.27259228204514     
   6.52164500000000        1.18577000000000        1.21664228724503     
   6.81808250000000        1.18577000000000        1.16533316225970     
   7.11452000000000        1.18577000000000        1.11811864342747     
  2.000000000000000E-005   1.48220750000000        5.18765803954717     
  0.296457500000000        1.48220750000000        5.10693768747716     
  0.592895000000000        1.48220750000000        4.88496674721066     
  0.889332500000000        1.48220750000000        4.57080349397506     
   1.18577000000000        1.48220750000000        4.21137359893200     
   1.48220750000000        1.48220750000000        3.84056324245173     
   1.77864500000000        1.48220750000000        3.48130029764980     
   2.07508250000000        1.48220750000000        3.16137139977477     
   2.37152000000000        1.48220750000000        2.88304402856317     
   2.66795750000000        1.48220750000000        2.64197029569213     
   2.96439500000000        1.48220750000000        2.43303119752364     
   3.26083250000000        1.48220750000000        2.25133561790710     
   3.55727000000000        1.48220750000000        2.09258203776280     
   3.85370750000000        1.48220750000000        1.95313006369806     
   4.15014500000000        1.48220750000000        1.82995404168749     
   4.44658250000000        1.48220750000000        1.72055823813671     
   4.74302000000000        1.48220750000000        1.62288770198060     
   5.03945750000000        1.48220750000000        1.53524785315816     
   5.33589500000000        1.48220750000000        1.45623651601184     
   5.63233250000000        1.48220750000000        1.38468826209208     
   5.92877000000000        1.48220750000000        1.31962954344399     
   6.22520750000000        1.48220750000000        1.26024278189021     
   6.52164500000000        1.48220750000000        1.20583769022129     
   6.81808250000000        1.48220750000000        1.15582835202361     
   7.11452000000000        1.48220750000000        1.10971485720609     
  2.000000000000000E-005   1.77864500000000        4.46606355774061     
  0.296457500000000        1.77864500000000        4.41290295663417     
  0.592895000000000        1.77864500000000        4.26153271908558     
  0.889332500000000        1.77864500000000        4.03772382841220     
   1.18577000000000        1.77864500000000        3.76892803138095     
   1.48220750000000        1.77864500000000        3.48130029721186     
   1.77864500000000        1.77864500000000        3.20478924577207     
   2.07508250000000        1.77864500000000        2.94990304584433     
   2.37152000000000        1.77864500000000        2.71991960410222     
   2.66795750000000        1.77864500000000        2.51472589704270     
   2.96439500000000        1.77864500000000        2.33256152533154     
   3.26083250000000        1.77864500000000        2.17102962484843     
   3.55727000000000        1.77864500000000        2.02762812398602     
   3.85370750000000        1.77864500000000        1.90000137289036     
   4.15014500000000        1.77864500000000        1.78604061706362     
   4.44658250000000        1.77864500000000        1.68390786243073     
   4.74302000000000        1.77864500000000        1.59202384547277     
   5.03945750000000        1.77864500000000        1.50904136445431     
   5.33589500000000        1.77864500000000        1.43381457462370     
   5.63233250000000        1.77864500000000        1.36536920808174     
   5.92877000000000        1.77864500000000        1.30287577712897     
   6.22520750000000        1.77864500000000        1.24562637949977     
   6.52164500000000        1.77864500000000        1.19301504770850     
   6.81808250000000        1.77864500000000        1.14452129972093     
   7.11452000000000        1.77864500000000        1.09969645745192     
  2.000000000000000E-005   2.07508250000000        3.88145321759571     
  0.296457500000000        2.07508250000000        3.84345136409735     
  0.592895000000000        2.07508250000000        3.73563205419787     
  0.889332500000000        2.07508250000000        3.57093113032677     
   1.18577000000000        2.07508250000000        3.37305017765432     
   1.48220750000000        2.07508250000000        3.16137139944715     
   1.77864500000000        2.07508250000000        2.94990304575053     
   2.07508250000000        2.07508250000000        2.74746707100340     
   2.37152000000000        2.07508250000000        2.55877036418388     
   2.66795750000000        2.07508250000000        2.38571608330881     
   2.96439500000000        2.07508250000000        2.22849842620349     
   3.26083250000000        2.07508250000000        2.08637359579742     
   3.55727000000000        2.07508250000000        1.95815005637115     
   3.85370750000000        2.07508250000000        1.84247790893293     
   4.15014500000000        2.07508250000000        1.73800831909115     
   4.44658250000000        2.07508250000000        1.64347408461425     
   4.74302000000000        2.07508250000000        1.55772460061591     
   5.03945750000000        2.07508250000000        1.47973564240004     
   5.33589500000000        2.07508250000000        1.40860602317520     
   5.63233250000000        2.07508250000000        1.34354802719281     
   5.92877000000000        2.07508250000000        1.28387544508199     
   6.22520750000000        2.07508250000000        1.22899124916093     
   6.52164500000000        2.07508250000000        1.17837592632423     
   6.81808250000000        2.07508250000000        1.13157691703858     
   7.11452000000000        2.07508250000000        1.08819930077705     
  2.000000000000000E-005   2.37152000000000        3.40048702681480     
  0.296457500000000        2.37152000000000        3.37413056647311     
  0.592895000000000        2.37152000000000        3.29864451289615     
  0.889332500000000        2.37152000000000        3.18346899165356     
   1.18577000000000        2.37152000000000        3.04089772255907     
   1.48220750000000        2.37152000000000        2.88304402843858     
   1.77864500000000        2.37152000000000        2.71991960405444     
   2.07508250000000        2.37152000000000        2.55877036417914     
   2.37152000000000        2.37152000000000        2.40425530574574     
   2.66795750000000        2.37152000000000        2.25899369773384     
   2.96439500000000        2.37152000000000        2.12416487185229     
   3.26083250000000        2.37152000000000        2.00001426864712     
   3.55727000000000        2.37152000000000        1.88622767420592     
   3.85370750000000        2.37152000000000        1.78218608425040     
   4.15014500000000        2.37152000000000        1.68712917906167     
   4.44658250000000        2.37152000000000        1.60025489491849     
   4.74302000000000        2.37152000000000        1.52077679632967     
   5.03945750000000        2.37152000000000        1.44795470395156     
   5.33589500000000        2.37152000000000        1.38110894809824     
   5.63233250000000        2.37152000000000        1.31962494423738     
   5.92877000000000        2.37152000000000        1.26295229672133     
   6.22520750000000        2.37152000000000        1.21060101247807     
   6.52164500000000        2.37152000000000        1.16213637296126     
   6.81808250000000        2.37152000000000        1.11717336718967     
   7.11452000000000        2.37152000000000        1.07537119172329     
  2.000000000000000E-005   2.66795750000000        3.02267323512528     
  0.296457500000000        2.66795750000000        3.00414196062623     
  0.592895000000000        2.66795750000000        2.95054969067175     
  0.889332500000000        2.66795750000000        2.86731102933446     
   1.18577000000000        2.66795750000000        2.76184210428400     
   1.48220750000000        2.66795750000000        2.64197029572938     
   1.77864500000000        2.66795750000000        2.51472589707192     
   2.07508250000000        2.66795750000000        2.38571608333684     
   2.37152000000000        2.66795750000000        2.25899369775224     
   2.66795750000000        2.66795750000000        2.13722464675500     
   2.96439500000000        2.66795750000000        2.02197710087036     
   3.26083250000000        2.66795750000000        1.91402015838929     
   3.55727000000000        2.66795750000000        1.81357871759749     
   3.85370750000000        2.66795750000000        1.72052929636401     
   4.15014500000000        2.66795750000000        1.63454055791096     
   4.44658250000000        2.66795750000000        1.55516924350283     
   4.74302000000000        2.66795750000000        1.48192299460904     
   5.03945750000000        2.66795750000000        1.41429985081824     
   5.33589500000000        2.66795750000000        1.35181191635332     
   5.63233250000000        2.66795750000000        1.29399859082423     
   5.92877000000000        2.66795750000000        1.24043310047795     
   6.22520750000000        2.66795750000000        1.19072484771345     
   6.52164500000000        2.66795750000000        1.14451924063557     
   6.81808250000000        2.66795750000000        1.10149607999658     
   7.11452000000000        2.66795750000000        1.06136718963654     
  2.000000000000000E-005   2.96439500000000        2.72042128113886     
  0.296457500000000        2.96439500000000        2.70689882537631     
  0.592895000000000        2.96439500000000        2.66752024490607     
  0.889332500000000        2.96439500000000        2.60556175101487     
   1.18577000000000        2.96439500000000        2.52567672847548     
   1.48220750000000        2.96439500000000        2.43303119766519     
   1.77864500000000        2.96439500000000        2.33256152542768     
   2.07508250000000        2.96439500000000        2.22849842627189     
   2.37152000000000        2.96439500000000        2.12416487189783     
   2.66795750000000        2.96439500000000        2.02197710089304     
   2.96439500000000        2.96439500000000        1.92356049709037     
   3.26083250000000        2.96439500000000        1.82990936251952     
   3.55727000000000        2.96439500000000        1.74154635702289     
   3.85370750000000        2.96439500000000        1.65866006738878     
   4.15014500000000        2.96439500000000        1.58121395884914     
   4.44658250000000        2.96439500000000        1.50902783437217     
   4.74302000000000        2.96439500000000        1.44183619787770     
   5.03945750000000        2.96439500000000        1.37932863604418     
   5.33589500000000        2.96439500000000        1.32117687084143     
   5.63233250000000        2.96439500000000        1.26705226648142     
   5.92877000000000        2.96439500000000        1.21663667843697     
   6.22520750000000        2.96439500000000        1.16962876087702     
   6.52164500000000        2.96439500000000        1.12574724107869     
   6.81808250000000        2.96439500000000        1.08473221440633     
   7.11452000000000        2.96439500000000        1.04634518383063     
  2.000000000000000E-005   3.26083250000000        2.47312244740663     
  0.296457500000000        3.26083250000000        2.46295443894822     
  0.592895000000000        3.26083250000000        2.43319229008019     
  0.889332500000000        3.26083250000000        2.38590831066144     
   1.18577000000000        3.26083250000000        2.32412672555324     
   1.48220750000000        3.26083250000000        2.25133561810797     
   1.77864500000000        3.26083250000000        2.17102962499170     
   2.07508250000000        3.26083250000000        2.08637359590053     
   2.37152000000000        3.26083250000000        2.00001426871884     
   2.66795750000000        3.26083250000000        1.91402015843435     
   2.96439500000000        3.26083250000000        1.82990936254075     
   3.26083250000000        3.26083250000000        1.74872488424081     
   3.55727000000000        3.26083250000000        1.67112686642623     
   3.85370750000000        3.26083250000000        1.59748276010413     
   4.15014500000000        3.26083250000000        1.52794591933530     
   4.44658250000000        3.26083250000000        1.46251939432381     
   4.74302000000000        3.26083250000000        1.40110521843442     
   5.03945750000000        3.26083250000000        1.34354110524044     
   5.33589500000000        3.26083250000000        1.28962696243828     
   5.63233250000000        3.26083250000000        1.23914354006454     
   5.92877000000000        3.26083250000000        1.19186519742456     
   6.22520750000000        3.26083250000000        1.14756837916973     
   6.52164500000000        3.26083250000000        1.10603702274170     
   6.81808250000000        3.26083250000000        1.06706580984425     
   7.11452000000000        3.26083250000000        1.03046192942865     
  2.000000000000000E-005   3.55727000000000        2.26703840337606     
  0.296457500000000        3.55727000000000        2.25920105174574     
  0.592895000000000        3.55727000000000        2.23617126323408     
  0.889332500000000        3.55727000000000        2.19930975075298     
   1.18577000000000        3.55727000000000        2.15064386982460     
   1.48220750000000        3.55727000000000        2.09258203799300     
   1.77864500000000        3.55727000000000        2.02762812415859     
   2.07508250000000        3.55727000000000        1.95815005649974     
   2.37152000000000        3.55727000000000        1.88622767429962     
   2.66795750000000        3.55727000000000        1.81357871766222     
   2.96439500000000        3.55727000000000        1.74154635706282     
   3.26083250000000        3.55727000000000        1.67112686644472     
   3.55727000000000        3.55727000000000        1.60301822514678     
   3.85370750000000        3.55727000000000        1.53767555906408     
   4.15014500000000        3.55727000000000        1.47536465977747     
   4.44658250000000        3.55727000000000        1.41620906523402     
   4.74302000000000        3.55727000000000        1.36022905372484     
   5.03945750000000        3.55727000000000        1.30737258775057     
   5.33589500000000        3.55727000000000        1.25753908458674     
   5.63233250000000        3.55727000000000        1.21059720098242     
   5.92877000000000        3.55727000000000        1.16639783520144     
   6.22520750000000        3.55727000000000        1.12478342390369     
   6.52164500000000        3.55727000000000        1.08559443451851     
   6.81808250000000        3.55727000000000        1.04867377380081     
   7.11452000000000        3.55727000000000        1.01386967233585     
  2.000000000000000E-005   3.85370750000000        2.09265821844373     
  0.296457500000000        3.85370750000000        2.08649039515094     
  0.592895000000000        3.85370750000000        2.06831136441524     
  0.889332500000000        3.85370750000000        2.03904351085361     
   1.18577000000000        3.85370750000000        2.00008360067668     
   1.48220750000000        3.85370750000000        1.95313006393945     
   1.77864500000000        3.85370750000000        1.90000137307850     
   2.07508250000000        3.85370750000000        1.84247790907801     
   2.37152000000000        3.85370750000000        1.78218608436031     
   2.66795750000000        3.85370750000000        1.72052929644453     
   2.96439500000000        3.85370750000000        1.65866006744426     
   3.26083250000000        3.85370750000000        1.59748276013821     
   3.55727000000000        3.85370750000000        1.53767555907968     
   3.85370750000000        3.85370750000000        1.47972217574123     
   4.15014500000000        3.85370750000000        1.42394640245709     
   4.44658250000000        3.85370750000000        1.37054520822000     
   4.74302000000000        3.85370750000000        1.31961809419870     
   5.03945750000000        3.85370750000000        1.27119182063995     
   5.33589500000000        3.85370750000000        1.22524046864468     
   5.63233250000000        3.85370750000000        1.18170125428062     
   5.92877000000000        3.85370750000000        1.14048670532201     
   6.22520750000000        3.85370750000000        1.10149384866377     
   6.52164500000000        3.85370750000000        1.06461101224239     
   6.81808250000000        3.85370750000000        1.02972276506324     
   7.11452000000000        3.85370750000000       0.996713429254746     
  2.000000000000000E-005   4.15014500000000        1.94318841048152     
  0.296457500000000        4.15014500000000        1.93824774388661     
  0.592895000000000        4.15014500000000        1.92365048049492     
  0.889332500000000        4.15014500000000        1.90003927897983     
   1.18577000000000        4.15014500000000        1.86839999633788     
   1.48220750000000        4.15014500000000        1.82995404192908     
   1.77864500000000        4.15014500000000        1.78604061725800     
   2.07508250000000        4.15014500000000        1.73800831924565     
   2.37152000000000        4.15014500000000        1.68712917918260     
   2.66795750000000        4.15014500000000        1.63454055800323     
   2.96439500000000        4.15014500000000        1.58121395891700     
   3.26083250000000        4.15014500000000        1.52794591938212     
   3.55727000000000        4.15014500000000        1.47536465980620     
   3.85370750000000        4.15014500000000        1.42394640247026     
   4.15014500000000        4.15014500000000        1.37403641698761     
   4.44658250000000        4.15014500000000        1.32587125974447     
   4.74302000000000        4.15014500000000        1.27959997253688     
   5.03945750000000        4.15014500000000        1.23530302487581     
   5.33589500000000        4.15014500000000        1.19300849872919     
   5.63233250000000        4.15014500000000        1.15270546633693     
   5.92877000000000        4.15014500000000        1.11435476623763     
   6.22520750000000        4.15014500000000        1.07789750250711     
   6.52164500000000        4.15014500000000        1.04326162781476     
   6.81808250000000        4.15014500000000        1.01036695852823     
   7.11452000000000        4.15014500000000       0.979128933810565     
  2.000000000000000E-005   4.44658250000000        1.81364707951118     
  0.296457500000000        4.44658250000000        1.80962852329413     
  0.592895000000000        4.44658250000000        1.79773250447901     
  0.889332500000000        4.44658250000000        1.77841761352870     
   1.18577000000000        4.44658250000000        1.75239476126307     
   1.48220750000000        4.44658250000000        1.72055823837217     
   1.77864500000000        4.44658250000000        1.68390786262507     
   2.07508250000000        4.44658250000000        1.64347408477274     
   2.37152000000000        4.44658250000000        1.60025489504589     
   2.66795750000000        4.44658250000000        1.55516924360326     
   2.96439500000000        4.44658250000000        1.50902783444928     
   3.26083250000000        4.44658250000000        1.46251939438073     
   3.55727000000000        4.44658250000000        1.41620906527331     
   3.85370750000000        4.44658250000000        1.37054520824410     
   4.15014500000000        4.44658250000000        1.32587125975557     
   4.44658250000000        4.44658250000000        1.28243997329548     
   4.74302000000000        4.44658250000000        1.24042814686304     
   5.03945750000000        4.44658250000000        1.19995062104689     
   5.33589500000000        4.44658250000000        1.16107287024686     
   5.63233250000000        4.44658250000000        1.12382189287588     
   5.92877000000000        4.44658250000000        1.08819535630342     
   6.22520750000000        4.44658250000000        1.05416909978004     
   6.52164500000000        4.44658250000000        1.02170317385000     
   6.81808250000000        4.44658250000000       0.990746622827675     
   7.11452000000000        4.44658250000000       0.961241216453730     
  2.000000000000000E-005   4.74302000000000        1.70029777581245     
  0.296457500000000        4.74302000000000        1.69698546665023     
  0.592895000000000        4.74302000000000        1.68716447478738     
  0.889332500000000        4.74302000000000        1.67116897849734     
   1.18577000000000        4.74302000000000        1.64952150976327     
   1.48220750000000        4.74302000000000        1.62288770220663     
   1.77864500000000        4.74302000000000        1.59202384566336     
   2.07508250000000        4.74302000000000        1.55772460077466     
   2.37152000000000        4.74302000000000        1.52077679646014     
   2.66795750000000        4.74302000000000        1.48192299471463     
   2.96439500000000        4.74302000000000        1.44183619796143     
   3.26083250000000        4.74302000000000        1.40110521849893     
   3.55727000000000        4.74302000000000        1.36022905377249     
   3.85370750000000        4.74302000000000        1.31961809423167     
   4.15014500000000        4.74302000000000        1.27959997255719     
   4.44658250000000        4.74302000000000        1.24042814687241     
   4.74302000000000        4.74302000000000        1.20229172574563     
   5.03945750000000        4.74302000000000        1.16532547119396     
   5.33589500000000        4.74302000000000        1.12961929128854     
   5.63233250000000        4.74302000000000        1.09522682962984     
   5.92877000000000        4.74302000000000        1.06217297306047     
   6.22520750000000        4.74302000000000        1.03046024236130     
   6.52164500000000        4.74302000000000        1.00007411872307     
   6.81808250000000        4.74302000000000       0.970987406717642     
   7.11452000000000        4.74302000000000       0.943163755213898     
  2.000000000000000E-005   5.03945750000000        1.60028319055188     
  0.296457500000000        5.03945750000000        1.59752090276698     
  0.592895000000000        5.03945750000000        1.58931987586129     
  0.889332500000000        5.03945750000000        1.57592818795880     
   1.18577000000000        5.03945750000000        1.55773653402943     
   1.48220750000000        5.03945750000000        1.53524785337296     
   1.77864500000000        5.03945750000000        1.50904136463868     
   2.07508250000000        5.03945750000000        1.47973564255647     
   2.37152000000000        5.03945750000000        1.44795470408263     
   2.66795750000000        5.03945750000000        1.41429985092654     
   2.96439500000000        5.03945750000000        1.37932863613224     
   3.26083250000000        5.03945750000000        1.34354110531049     
   3.55727000000000        5.03945750000000        1.30737258780467     
   3.85370750000000        5.03945750000000        1.27119182068012     
   4.15014500000000        5.03945750000000        1.23530302490371     
   4.44658250000000        5.03945750000000        1.19995062106410     
   4.74302000000000        5.03945750000000        1.16532547120194     
   5.03945750000000        5.03945750000000        1.13157178305690     
   5.33589500000000        5.03945750000000        1.09879405929609     
   5.63233250000000        5.03945750000000        1.06706368746127     
   5.92877000000000        5.03945750000000        1.03642493497212     
   6.22520750000000        5.03945750000000        1.00690023741038     
   6.52164500000000        5.03945750000000       0.978494753272490     
   6.81808250000000        5.03945750000000       0.951200212371460     
   7.11452000000000        5.03945750000000       0.924998116069501     
  2.000000000000000E-005   5.33589500000000        1.51138095283067     
  0.296457500000000        5.33589500000000        1.50905337098551     
  0.592895000000000        5.33589500000000        1.50213527746418     
  0.889332500000000        5.33589500000000        1.49081390188190     
   1.18577000000000        5.33589500000000        1.47538589291145     
   1.48220750000000        5.33589500000000        1.45623651621490     
   1.77864500000000        5.33589500000000        1.43381457480050     
   2.07508250000000        5.33589500000000        1.40860602332749     
   2.37152000000000        5.33589500000000        1.38110894822796     
   2.66795750000000        5.33589500000000        1.35181191646250     
   2.96439500000000        5.33589500000000        1.32117687093199     
   3.26083250000000        5.33589500000000        1.28962696251216     
   3.55727000000000        5.33589500000000        1.25753908464573     
   3.85370750000000        5.33589500000000        1.22524046869039     
   4.15014500000000        5.33589500000000        1.19300849876316     
   4.44658250000000        5.33589500000000        1.16107287027054     
   4.74302000000000        5.33589500000000        1.12961929130320     
   5.03945750000000        5.33589500000000        1.09879405930287     
   5.33589500000000        5.33589500000000        1.06870899755152     
   5.63233250000000        5.33589500000000        1.03944638146150     
   5.92877000000000        5.33589500000000        1.01106360957897     
   6.22520750000000        5.33589500000000       0.983597473514639     
   6.52164500000000        5.33589500000000       0.957067954987605     
   6.81808250000000        5.33589500000000       0.931481529979468     
   7.11452000000000        5.33589500000000       0.906833993928918     
  2.000000000000000E-005   5.63233250000000        1.43183654404801     
  0.296457500000000        5.63233250000000        1.42985705280137     
  0.592895000000000        5.63233250000000        1.42396802725281     
  0.889332500000000        5.63233250000000        1.41431288118233     
   1.18577000000000        5.63233250000000        1.40112000669425     
   1.48220750000000        5.63233250000000        1.38468826228342     
   1.77864500000000        5.63233250000000        1.36536920825044     
   2.07508250000000        5.63233250000000        1.34354802733994     
   2.37152000000000        5.63233250000000        1.31962494436455     
   2.66795750000000        5.63233250000000        1.29399859093282     
   2.96439500000000        5.63233250000000        1.26705226657316     
   3.26083250000000        5.63233250000000        1.23914354014082     
   3.55727000000000        5.63233250000000        1.21059720104485     
   3.85370750000000        5.63233250000000        1.18170125433060     
   4.15014500000000        5.63233250000000        1.15270546637577     
   4.44658250000000        5.63233250000000        1.12382189290485     
   4.74302000000000        5.63233250000000        1.09522682965007     
   5.03945750000000        5.63233250000000        1.06706368747388     
   5.33589500000000        5.63233250000000        1.03944638146739     
   5.63233250000000        5.63233250000000        1.01246291773747     
   5.92877000000000        5.63233250000000       0.986178949684364     
   6.22520750000000        5.63233250000000       0.960641150904820     
   6.52164500000000        5.63233250000000       0.935880312062566     
   6.81808250000000        5.63233250000000       0.911914114482910     
   7.11452000000000        5.63233250000000       0.888749565652807     
  2.000000000000000E-005   5.92877000000000        1.36024633770206     
  0.296457500000000        5.92877000000000        1.35854886032562     
  0.592895000000000        5.92877000000000        1.35349477254447     
  0.889332500000000        5.92877000000000        1.34519540157531     
   1.18577000000000        5.92877000000000        1.33382881863155     
   1.48220750000000        5.92877000000000        1.31962954362396     
   1.77864500000000        5.92877000000000        1.30287577728924     
   2.07508250000000        5.92877000000000        1.28387544522344     
   2.37152000000000        5.92877000000000        1.26295229684498     
   2.66795750000000        5.92877000000000        1.24043310058499     
   2.96439500000000        5.92877000000000        1.21663667852867     
   3.26083250000000        5.92877000000000        1.19186519750212     
   3.55727000000000        5.92877000000000        1.16639783526626     
   3.85370750000000        5.92877000000000        1.14048670537510     
   4.15014500000000        5.92877000000000        1.11435476628027     
   4.44658250000000        5.92877000000000        1.08819535633667     
   4.74302000000000        5.92877000000000        1.06217297308529     
   5.03945750000000        5.92877000000000        1.03642493498948     
   5.33589500000000        5.92877000000000        1.01106360958974     
   5.63233250000000        5.92877000000000       0.986178949689381     
   5.92877000000000        5.92877000000000       0.961841138525609     
   6.22520750000000        5.92877000000000       0.938103199517390     
   6.52164500000000        5.92877000000000       0.915003472790568     
   6.81808250000000        5.92877000000000       0.892567898144890     
   7.11452000000000        5.92877000000000       0.870812072721520     
  2.000000000000000E-005   6.22520750000000        1.29547405594080     
  0.296457500000000        6.22520750000000        1.29400747707074     
  0.592895000000000        6.22520750000000        1.28963784678242     
  0.889332500000000        6.22520750000000        1.28245263504735     
   1.18577000000000        6.22520750000000        1.27259228223161     
   1.48220750000000        6.22520750000000        1.26024278205931     
   1.77864500000000        6.22520750000000        1.24562637965179     
   2.07508250000000        6.22520750000000        1.22899124929641     
   2.37152000000000        6.22520750000000        1.21060101259774     
   2.66795750000000        6.22520750000000        1.19072484781820     
   2.96439500000000        6.22520750000000        1.16962876096788     
   3.26083250000000        6.22520750000000        1.14756837924776     
   3.55727000000000        6.22520750000000        1.12478342396986     
   3.85370750000000        6.22520750000000        1.10149384871910     
   4.15014500000000        6.22520750000000        1.07789750255261     
   4.44658250000000        6.22520750000000        1.05416909981666     
   4.74302000000000        6.22520750000000        1.03046024238986     
   5.03945750000000        6.22520750000000        1.00690023743178     
   5.33589500000000        6.22520750000000       0.983597473529698     
   5.63233250000000        6.22520750000000       0.960641150914202     
   5.92877000000000        6.22520750000000       0.938103199521764     
   6.22520750000000        6.22520750000000       0.916040256725290     
   6.52164500000000        6.22520750000000       0.894495611192925     
   6.81808250000000        6.22520750000000       0.873501048857260     
   7.11452000000000        6.22520750000000       0.853078560842425     
  2.000000000000000E-005   6.52164500000000        1.23659001025837     
  0.296457500000000        6.52164500000000        1.23531428845438     
  0.592895000000000        6.52164500000000        1.23151102988711     
  0.889332500000000        6.52164500000000        1.22524971941534     
   1.18577000000000        6.52164500000000        1.21664228741906     
   1.48220750000000        6.52164500000000        1.20583769038017     
   1.77864500000000        6.52164500000000        1.19301504785242     
   2.07508250000000        6.52164500000000        1.17837592645359     
   2.37152000000000        6.52164500000000        1.16213637307667     
   2.66795750000000        6.52164500000000        1.14451924073756     
   2.96439500000000        6.52164500000000        1.12574724116819     
   3.26083250000000        6.52164500000000        1.10603702281940     
   3.55727000000000        6.52164500000000        1.08559443458532     
   3.85370750000000        6.52164500000000        1.06461101229914     
   4.15014500000000        6.52164500000000        1.04326162786236     
   4.44658250000000        6.52164500000000        1.02170317388922     
   4.74302000000000        6.52164500000000        1.00007411875469     
   5.03945750000000        6.52164500000000       0.978494753297258     
   5.33589500000000        6.52164500000000       0.957067955006213     
   5.63233250000000        6.52164500000000       0.935880312075636     
   5.92877000000000        6.52164500000000       0.915003472798732     
   6.22520750000000        6.52164500000000       0.894495611196738     
   6.52164500000000        6.52164500000000       0.874402924589477     
   6.81808250000000        6.52164500000000       0.854761101222362     
   7.11452000000000        6.52164500000000       0.835596715167568     
  2.000000000000000E-005   6.81808250000000        1.18282619208740     
  0.296457500000000        6.81808250000000        1.18170960151801     
  0.592895000000000        6.81808250000000        1.17837901047666     
  0.889332500000000        6.81808250000000        1.17289017375780     
   1.18577000000000        6.81808250000000        1.16533316242220     
   1.48220750000000        6.81808250000000        1.15582835217298     
   1.77864500000000        6.81808250000000        1.14452129985722     
   2.07508250000000        6.81808250000000        1.13157691716193     
   2.37152000000000        6.81808250000000        1.11717336730060     
   2.66795750000000        6.81808250000000        1.10149608009549     
   2.96439500000000        6.81808250000000        1.08473221449393     
   3.26083250000000        6.81808250000000        1.06706580992111     
   3.55727000000000        6.81808250000000        1.04867377386766     
   3.85370750000000        6.81808250000000        1.02972276512076     
   4.15014500000000        6.81808250000000        1.01036695857727     
   4.44658250000000        6.81808250000000       0.990746622868822     
   4.74302000000000        6.81808250000000       0.970987406751628     
   5.03945750000000        6.81808250000000       0.951200212398901     
   5.33589500000000        6.81808250000000       0.931481530000999     
   5.63233250000000        6.81808250000000       0.911914114499132     
   5.92877000000000        6.81808250000000       0.892567898156332     
   6.22520750000000        6.81808250000000       0.873501048864422     
   6.52164500000000        6.81808250000000       0.854761101225707     
   6.81808250000000        6.81808250000000       0.836386103900974     
   7.11452000000000        6.81808250000000       0.818405741485177     
  2.000000000000000E-005   7.11452000000000        1.13354259046805     
  0.296457500000000        7.11452000000000        1.13255973194610     
  0.592895000000000        7.11452000000000        1.12962669117037     
  0.889332500000000        7.11452000000000        1.12478861976093     
   1.18577000000000        7.11452000000000        1.11811864357951     
   1.48220750000000        7.11452000000000        1.10971485734656     
   1.77864500000000        7.11452000000000        1.09969645758084     
   2.07508250000000        7.11452000000000        1.08819930089458     
   2.37152000000000        7.11452000000000        1.07537119182966     
   2.66795750000000        7.11452000000000        1.06136718973216     
   2.96439500000000        7.11452000000000        1.04634518391598     
   3.26083250000000        7.11452000000000        1.03046192950432     
   3.55727000000000        7.11452000000000        1.01386967240231     
   3.85370750000000        7.11452000000000       0.996713429312619     
   4.15014500000000        7.11452000000000       0.979128933860506     
   4.44658250000000        7.11452000000000       0.961241216496262     
   4.74302000000000        7.11452000000000       0.943163755249717     
   5.03945750000000        7.11452000000000       0.924998116099130     
   5.33589500000000        7.11452000000000       0.906833993952886     
   5.63233250000000        7.11452000000000       0.888749565671659     
   5.92877000000000        7.11452000000000       0.870812072735743     
   6.22520750000000        7.11452000000000       0.853078560852441     
   6.52164500000000        7.11452000000000       0.835596715173888     
   6.81808250000000        7.11452000000000       0.818405741488135     
   7.11452000000000        7.11452000000000       0.801537254826862     
